Mode: GainCalibration
Rows:
 0 |  1 |  2 |  3 |  4 |  5 |  6 |  7 |  8 |  9 |
10 | 11 | 12 | 13 | 14 | 15 | 16 | 17 | 18 | 19 |
20 | 21 | 22 | 23 | 24 | 25 | 26 | 27 | 28 | 29 |
30 | 31 | 32 | 33 | 34 | 35 | 36 | 37 | 38 | 39 |
40 | 41 | 42 | 43 | 44 | 45 | 46 | 47 | 48 | 49 |
50 | 51 | 52 | 53 | 54 | 55 | 56 | 57 | 58 | 59 |
60 | 61 | 62 | 63 | 64 | 65 | 66 | 67 | 68 | 69 |
70 | 71 | 72 | 73 | 74 | 75 | 76 | 77 | 78 | 79
Cols:
0  13 26 | 39 1  14 |
27 40 2  | 15 28 41 |
3  16 29 | 42 4  17 |
30 43 5  | 18 31 44 |
6  19 32 | 45 7  20 |
33 46 8  | 21 34 47 |
9  22 35 | 48 10 23 |
36 49 11 | 24 37 50 |
12 25 38 | 51
VcalHigh
ScanValues: Vcal 6 8 10 12 14 15 16 17 18 21 24 28 35 42 49 56 63 70 77 84 91 98 105 112 119 126 133 140 160 -1
Repeat:
5
ToCalibrate:
all
